{
    "scaling coef": 0.8,
    "EuroSAT_benign": 0.9987037037037036,
    "EuroSAT_permuted": 0.9987037037037036,
    "EuroSAT_TA": 0.9974074074074074,
    "DTD_TA": 0.8351510817092794,
    "EuroSAT_TA_permuted": 0.23166666666666666,
    "DTD_TA_permuted": 0.03414983014482389
}