{
    "scaling coef": 0.8,
    "RESISC45_benign": 0.9598412698412698,
    "RESISC45_permuted": 0.9598412698412698,
    "RESISC45_TA": 0.932063492063492,
    "DTD_TA": 0.8576792419095298,
    "RESISC45_TA_permuted": 0.040952380952380955,
    "DTD_TA_permuted": 0.029679957089218667
}