{
    "scaling coef": 0.8,
    "Cars_benign": 0.7772665091406541,
    "Cars_permuted": 0.7772665091406541,
    "Cars_TA": 0.7061310782241015,
    "DTD_TA": 0.9036295369211514,
    "Cars_TA_permuted": 0.005845044148737719,
    "DTD_TA_permuted": 0.03289826568925443
}