{
    "scaling coef": 0.8,
    "SVHN_benign": 0.9746081745543946,
    "SVHN_permuted": 0.9746081745543946,
    "SVHN_TA": 0.9702673632452367,
    "DTD_TA": 0.8226354371535849,
    "SVHN_TA_permuted": 0.1958743085433313,
    "DTD_TA_permuted": 0.030037546933667083
}