{
    "scaling coef": 0.8,
    "MNIST_benign": 0.9969,
    "MNIST_permuted": 0.997,
    "MNIST_TA": 0.9938,
    "SVHN_TA": 0.9227105101413645,
    "MNIST_TA_permuted": 0.1436,
    "SVHN_TA_permuted": 0.21135525507068223
}